$ANSIBLE_VAULT;1.1;AES256
34313132666266613434666339646332313735613339333061313432663539393138623739626531
3535303939393666386436653461316262376233646563310a363336393331313532616562653632
38343332636630616363353465643466396364636435303538643031373930303239353237623763
3031376363346633660a373263333837333036663065316135613062363662376565646538316237
32383638663364386137646563666335623939353430303337313934343636653966323734303863
31303064366462366638303831386464616239646665653131613563343365333561353566393839
33636632393762396661373830343137393036613365316563643231373565336563616634336339
64393930643832623737363439393166616336323934373233363034343833656466633764646337
64623463396561303530363531636462313264383438396365343933363531346163303061323234
62303737306566333336633265343363336461616534656233336134366431386233363730386464
62633765646163356636343432363064373337303166646261343734646461373839643732643561
64646330343936353837323538373766396433303337303336396433333165373662633732386361
30633366346166623435623362313761393137383961376135336138373530343164613532373433
63326130616661343565656236646139663931623137323635633034303366323762383838306430
30663338623433623231313661653731643937333935656639663037643564376366373065333235
38326339316362646132626562383132373631333763656233343264616565316334646461316536
37363465636133613636343663363766343962623836333733313132383735656232366139343635
63313635313662326465663535333737613135663037343337323463333932306463326466643362
34306364323439643063643330333464626664616561393732633238663962363832326531373765
37383639316536636364653638303365316432616637393563333064376632343462313137363362
61373239313135306265393932356362643337663030373465343463383763356137336261313935
34373561323230373230663830656232306635303661356262323063396634306361333138653466
38383336646539653266653666613461316436613235643538643231363934393866663765653930
38303431376664333064326139373433356263646462636161663732303137306635653062643833
3963
